4294967279,312
4294967278,284
4294967279,311
4294967293,131
4294967293,130
4294967293,129
4294967293,128
4294967293,127
4294967293,126
4294967293,125
4294967293,124
4294967293,123
4294967293,122
4294967293,121
4294967293,120
4294967293,119
4294967293,118
4294967293,117
4294967293,116
4294967293,115
4294967293,114
4294967293,113
4294967293,112
4294967293,111
4294967293,110
4294967293,109
4294967293,108
4294967293,107
4294967293,106
4294967293,105
4294967293,104
4294967293,103
4294967293,102
4294967293,101
4294967293,100
4294967293,99
4294967293,98
4294967293,97
4294967293,96
4294967293,95
4294967293,94
4294967293,93
4294967293,92
4294967293,91
4294967293,90
4294967293,89
4294967293,88
4294967293,87
4294967293,86
4294967293,85
4294967293,84
4294967293,83
4294967293,82
4294967293,81
4294967293,80
4294967293,79
4294967293,78
4294967293,77
4294967293,76
4294967293,75
4294967293,74
4294967293,73
4294967293,72
4294967293,71
4294967293,70
4294967293,69
4294967293,68
4294967293,67
4294967293,66
4294967293,65
4294967293,64
4294967293,63
4294967293,62
4294967293,61
4294967293,60
4294967293,59
4294967293,58
4294967293,57
4294967293,56
4294967293,55
4294967293,54
4294967293,53
4294967293,52
4294967293,51
4294967293,50
4294967293,49
4294967293,48
4294967293,47
4294967293,46
4294967293,45
4294967293,44
4294967293,43
4294967293,42
4294967293,41
4294967293,40
4294967293,39
4294967293,38
4294967293,37
4294967293,36
4294967293,35
4294967293,34
4294967293,33
4294967293,32
4294967293,31
4294967293,30
4294967293,29
4294967293,28
4294967293,27
4294967293,26
4294967293,25
4294967293,24
4294967293,23
4294967293,22
4294967293,21
4294967293,20
4294967293,19
4294967293,18
4294967293,17
4294967293,16
4294967293,15
4294967293,14
4294967293,13
4294967293,12
4294967293,11
4294967293,10
4294967293,9
4294967293,8
4294967293,7
4294967293,6
4294967293,5
4294967293,4
4294967293,3
4294967293,2
4243767290,0
4243767289,0
4243767288,0
4243767287,0
4243767286,0
4243767285,0
4243767284,0
4243767283,0
4243767282,0
4243767281,0
4294967293,0
4294967278,214
4294967278,101
4294967278,102
4294967278,216
4294967278,219
4294967278,223
4294967278,103
4294967278,221
4294967278,218
4294967278,222
4294967278,220
4294967278,225
4294967278,104
4294967278,105
4294967278,106
4294967278,224
4294967278,227
4294967278,229
4294967278,226
4294967278,107
4294967278,231
4294967278,233
4294967278,108
4294967278,230
4294967278,228
4294967278,109
4294967278,232
4294967278,110
4294967278,235
4294967278,111
4294967278,234
4294967278,236
4294967278,237
4294967278,239
4294967278,112
4294967278,113
4294967278,114
4294967278,238
4294967278,243
4294967278,241
4294967278,245
4294967278,240
4294967278,115
4294967278,242
4294967278,244
4294967278,116
4294967278,247
4294967278,117
4294967278,118
4294967278,249
4294967278,246
4294967278,251
4294967278,253
4294967278,248
4294967278,250
4294967278,119
4294967278,252
4294967278,120
4294967278,121
4294967278,254
4294967278,122
4294967278,123
4294967278,124
4294967278,125
4294967278,256
4294967278,255
4294967278,126
4294967278,127
4294967278,128
4294967278,129
4294967278,257
4294967278,130
4294967278,258
4294967278,131
4294967278,132
4294967278,3
4294967279,3
0,6
4294967279,254
4294967279,18
4294967279,16
4294967279,13
4294967279,10
4294967279,7
4294967279,4
4294967279,0
4294967279,287
4294967279,286
4294967279,285
4294967279,284
4294967279,283
4294967279,282
4294967279,281
4294967279,280
4294967279,279
4294967279,278
4294967279,277
4294967279,276
4294967279,275
4294967279,274
4294967279,273
4294967279,268
4294967279,265
4294967279,263
4294967279,262
4294967279,260
4294967279,259
4294967279,258
4294967279,256
4294967279,310
4294967279,309
4294967279,308
4294967279,307
4294967279,306
4294967279,305
4294967279,304
4294967279,303
4294967279,302
4294967279,301
4294967279,300
4294967279,299
4294967279,298
4294967279,297
4294967279,296
4294967279,295
4294967279,294
4294967279,293
4294967279,292
4294967279,291
4294967279,290
4294967279,289
4294967279,288
4294967279,351
4294967279,350
4294967279,349
4294967279,348
4294967279,347
4294967279,346
4294967279,345
4294967279,344
4294967279,343
4294967279,342
4294967279,341
4294967279,340
4294967279,339
4294967279,338
4294967279,337
4294967279,336
4294967279,335
4294967279,334
4294967279,333
4294967279,332
4294967279,331
4294967279,330
4294967279,329
4294967279,328
4294967279,327
4294967279,326
4294967279,325
4294967279,324
4294967279,323
4294967279,322
4294967279,321
4294967279,320
4294967279,383
4294967279,382
4294967279,381
4294967279,380
4294967279,379
4294967279,378
4294967279,377
4294967279,376
